3 0 0 0 0 0 0 0 0 0 1 0 5 0 4 0
0 0 0 0 0 0 0 11 0 10 0 16 0 0 0 9
16 0 0 0 0 4 2 1 9 0 0 0 10 6 11 15
7 0 0 11 0 5 6 0 0 8 0 0 0 14 12 13
0 0 3 0 9 0 0 7 1 11 0 0 6 8 5 12
1 0 0 0 0 0 15 0 0 0 0 8 9 2 3 0
0 0 0 0 6 0 0 0 10 0 2 0 0 0 0 0
9 0 0 14 0 3 4 0 16 0 0 0 0 13 0 7
0 7 0 0 0 0 0 0 0 15 0 0 8 0 16 14
0 0 0 9 0 0 10 0 0 0 8 0 1 11 15 4
10 0 8 0 0 0 14 16 0 0 9 0 0 0 2 0
11 0 4 0 0 13 0 2 0 0 14 1 0 10 0 3
0 15 0 0 0 0 0 0 2 9 0 4 11 12 8 16
2 9 0 0 0 1 0 0 0 0 0 0 4 7 0 0
0 0 0 5 0 0 5 0 11 0 0 0 0 0 0 0
0 8 0 16 0 11 3 0 0 0 0 0 0 1 13 2